9 8 7 6 5 4 3 2 1 0
9 8 7 6 5 4 3 2 1
9 8 7 6 5 0 1 2 3 4
9 8 7 6 5 0 0 0 0

9 8 7 6 5 4 3 2 1 0
9 8 7 6 5 4 3 2 1
9 8 7 6 5 4 3 0 1 2
9 8 7 6 5 4 3 0 0
9 8 7 6 5 4 3 0 2 1
9 8 7 6 5 4 3 0 1
9 8 7 6 5 4 3 1 2 0
9 8 7 6 5 4 3 1 1

1 0 => 0 0
-2
0 0 => 1 0
+2

2 1 0 => 0 0 0
-6 -2
2 0 0 => 1 0 0
-3
1 1 0 => 0 1 0
-3
1 0 0 => 2 0 0
+3
0 1 0 => 1 1 0
+3
0 0 0 => 2 1 0
+6 + 2

2 1 3 0    0 3 1 2
2 1 1 0 => 0 2 0 0
-48 - 2 + 3

0 1 1 0 => 3 


   1
  2 2
3 8 8 3