11110000
11000000
11000000
00000000
00000000
00000000
00000000
00000000

11111000
11000000
00000000
00000000
00000000
00000000
00000000
00000000

11110000
11000000
00000000
00000000
00000000
00000000
00000000
00000000

00111000
00100000
11100000
00000000
00000000
00000000
00000000
00000000

11110000
11110000
00000000
00000000
00000000
00000000
00000000
00000000

11110000
10000000
10000000
00000000
00000000
00000000
00000000
00000000

11100000
10000000
00000000
00000000
00000000
00000000
00000000
00000000

11100000
10000000
10000000
00000000
00000000
00000000
00000000
00000000

11100000
11100000
11000000
00000000
00000000
00000000
00000000
00000000

11100000
11000000
00000000
00000000
00000000
00000000
00000000
00000000
