117637120
30115102720
7709466296320
1973623371857920
505247583195627520
235274240
60230205440
15418932592640
3947246743715840
1010495166391255040
7894493487431680
6786185766633472
7180
1695455519965184
3086
7722351198208
8083961331130040320
6949054225032675328
6944585809777393664
8097472130012151808
265228
6944620994149482496
6980579422424268800
1579024
14360
7192
530456
1054744
6172
104018739200
3100
123351460741120
120661737472
1737263556258168832
13572371533266944
3474527112516337664
27144743066533888
52982984998912
105965969997824
240920821760
207097954304
16167922662260080640
202114048
16194944260024303616
3233841152
28720
14384
1060912
2109488
12344
4665940320188366848
6200
4638813169307877376
206964785152
12632128
404228096
202115072
103482916864
6316096
27127425758396416
12935299072
1704243023052800
13889171619554787328
506092008125759488
1012184016251518976
2024368032503037952
4048736065006075904
4041980665565020160
868631778129084416
3472310497074741248
13889241988298964992
436286213901516800
413929570304
57440
1838080
920576
28768
67898368
2121824
206965833728
135007232
4218976
9277626338615754752
24688
12400
789508
1882193920
942669824
808456192
69527928832
404230144
12632192
138247405568
25870598144
12935364608
789512
284786396495872
566261373206528
63155947899453440
53017076301824
54254576638885888
247115238342656
18226329375735808
847732054949888
63261501015719936
31630750507859968
1166485080047091712
2332970160094183424
827859140608
413931667456
144962911540871168
6622873124864
3311453339648
57536
3676160
1841152
123557619171328
135796736
9113164687867904
4345495552
4243648
8640462848
270014464
18120363942608896
13245746249728
6622906679296
3764387840
49376
1580032
1885339648
139055857664
793600
24800
276494811136
1579016
30165434368
2224893722624
4423916978176
812646400
1617952768
1616912384
50528512
53257594470400
808460288
51741196288
25870729216
145810635005886464
1976921906741248
30837865185280
3390911039930368
1695464109899776
15444702396416
1139145585983488
26508538150912
13314398617600
289925823081742336
527372
2265045492826112
26491492499456
13245813358592
827863334912
852121511526400
868077624268685312
120460410880
60330868736
4449787445248
8847833956352
872572427803033600
1745144855606067200
3490289711212134400
51774488576
26004684800
7352320
3682304
271593472
540028928
117833728
8690991104
17280925696
26491626717184
3770679296
278111715328
552989622272
3160064
1587200
101122048
50790400
8437952
3953843813482496
291621270011772928
579851646163484672
3158032
3235905536
1625292800
919040
101057024
3233824768
460288
33949184
14729216
3590
103482392576
51741458432
1086373888
394754
394756
941096960
471334912
132614
34763964416
1543
569572792991744
1550
13254269075456
6657199308800
3596
50528768
1616920576
9060181971304448
8899574890496
17695667912704
25887244288
3311436562432
13002342400
3158048
1112446861312
2211958489088
101057536
67503616
2160115712
36240727885217792
3393092883316736
31577973949726720
15815375253929984
13633944184422400
263686
69123702784
1132522746413056
103548977152
52009369600
790016
396800
3328599654400
6627134537728
808976384
406323200
963683287040
482646949888
416074956800
52983253434368
35598299561984
828391817216
70782671650816
212068305207296
106515188940800
459520
14704640
395008
1795
12640256
197377
470548480
235667456
404488192
1798
7364608
197378
66307
1736155248537370624
27267888368844800
54254851516792832
218143106950758400
4556582343933952
217019406067171328
1696546441658368
434315889064542208
106034152603648
246702921482240
61778809585664
16974592
33751808
543186944
1080057856
131843
211931939995648
105966506868736
17381982208
34561851392
198400
775
6348800
2020990332782510080
72905317502943232
434038812134342656
54289486133067776
13898108450065350656
217018306555543552
434036613111087104
868073226222174208
1736146452444348416
3472292904888696832
7907687626964992
15788986974863360
583242540023545856
211933013737472
6816972092211200
1159703292326969344
203161600
6781822079860736
3390928219799552
965293899776
71196599123968
141565343301632
2319406584653938688
6320128
13563644159721472
6781856439599104
3174400
202244096
101580800
847727759982592
208037478400
241323474944
414195908608
481841643520
17799149780992
35391335825408
61675730370560
6316064
30889404792832
2278291171966976
4530090985652224
26628797235200
27127288319442944
13563712879198208
3408486046105600
7700876361728
117506048
30081548288
1971424348602368
504684633242206208
235012096
60163096576
15401752723456
3942848697204736
1009369266484412416
7885697394409472
14344
580401401977372672
9286422431637962752
2062
1691057473454080
28688
8074954131875299328
3149840
7184
6926571411267911680
8088464930757410816
846632543322112
6935613794894741504
1052696
9259611940106272768
526360
4124
1052
35299262464
17661308174336
52845546045440
240652386304
138378477568
63085579155275776
4428111282176
70849780514816
31542789577637888
962609545216
246428043575296
1836032
16149908263750598656
14712832
16176929861514821632
3229646848
2105392
1052720
787460
394244
8248
4643211215818981376
4629805970053136384
4629911523169402880
2104
263174
206427914240
1880096768
3672064
403179520
12599360
1031
28736
12901744640
919552
6307904
54113839150530560
123420180217856
505529058172338176
1011058116344676352
2022116232689352704
4044232465378705408
15797783067885568
4037477065937649664
3467806897447370752
13871227589789483008
74027918874902528
263180
3760193536
412855828480
941621248
134745088
4210784
67374080
2105440
206697398272
1574920
788488
16496
4208
526348
137978970112
57472
7344128
806359040
1839104
68991057920
403705856
25803489280
12918587392
12615808
432910713204244480
565161861578752
282587373240320
2018738532968824832
2267192976474112
36170359141040128
18085591887380480
290200700988686336
31595566135771136
63191132271542272
2314902985026568192
1157477880792350720
2314955761584701440
825711656960
1883242496
413394796544
35424890257408
6605693255680
3307158372352
8421568
269490176
18085179570520064
134748160
9042795943690240
4210880
8623685632
4311941120
1576976
120326193152
13211386511360
30131879936
275957940224
32992
1055744
137982115840
6614316744704
269312
8416
7172
4415327043584
2207713853440
1081081856
459008
14688256
196865
50397440
1612718080
65795
470024192
51606978560
117702656
25837174784
807411712
289362873128321024
144684735099043840
30803505446912
3382114946908160
7713761263616
1693265086644224
2260647446315008
1130349492961280
17712445128704
4518305595392
26422773022720
60263759872
13228633489408
3766484992
826789593088
1133596488237056
263
289171558105088
246840360435712
3949445766971392
15771394788818944
866951724361842688
27092241386307584
8830654087168
4415427706880
296111675499610112
592223350999220224
1184446701998440448
2368893403996880896
34594619392
8824815616
538980352
269496320
17247371264
8623882240
26457266978816
481304772608
120527519744
551915880448
275964231680
6299680
3153952
201589760
100926464
9036611190784
2111488
538624
67567616
17235968
578725746256642048
289369470198087680
2162163712
551550976
918016
100794880
3586
7356416
3225436160
393730
940048384
103213957120
235405312
67372544
131590
68989485056
34495528960
1130323723157504
565174746480640
8856222564352
3592
50463232
526
2259152797696
578343116210176
1614823424
275775488
197122
8830855413760
3302846627840
2207663521792
1103856926720
17297309696
131587
4412407808
51674349568
33687040
2155921408
1077985280
103348699136
7898891533942784
4626744929681408
9253489859362816
69189238784
17649631232
14368
459776
527872
134656
1129576398848
540540928
137887744
105691092090880
241055039488
52914533957632
70645232697344
35323421655040
553513910272
141197049856
141699561029632
36146444763136
470810624
263936
1793
8445952
33686272
1796
16843520
270270464
1077960704
538992640
34494742528
17247764480
68943872
1733903448723685376
54184482772615168
4521397971845120
9042589785260032
216737931090460672
4534385952948224
1160802803954745344
9068771905896448
2321605607909490688
18137543811792896
3678208
18073222381568
211382184181760
482110078976
105829067915264
67328
2154496
36275087623585792
144681436564160512
72342367549521920
865821426408488960
1974722883485696
433475862180921344
216455356602122240
1731642852816977920
3463285705633955840
13853142822535823360
1157451492513284096
964220157952
578738940396175360
201852928
211658135830528
2313372464840704
6764229893816320
15427522527232
61607010893824
3386530173288448
141290465394688
70646843310080
148055837749805056
4222976
13528459787632640
30855045054464
123214021787648
6773060346576896
135135232
34471936
1077248
845528736727040
276756955136
35322616348672
17661710827520
70598524928
57376
4521294892630016
2260698985922560
27056919575265280
61710090108928
13546120693153792
1156686232420352
12935365120
3311453470720
50528770
847732088504320
217019414657105920
101057540
25870730240
6622906941440
1695464177008640
434038829314211840
202115080
13245813882880
3390928354017280
868077658628423680
1736155317256847360
410517504
404230160
6944621269027389440
3087
6951306024846360576
8673932882315575296
26517128085504
413931683840
25870598656
7704
808456208
827859156992
101057026
129251672064
67374092
1566
881579627057774592
6887340836388864
105092481024
414330126336
13136560128
6725918785536
3362959392768
860917604548608
220394906764443648
6781856708034560
808460320
827863367680
17347865764631150592
9042590590566400
1031597457408
26491493023744
15408
8623883776
13451837571072
269496368
17247372800
202114052
15777792
275964280832
4629912347803123712
538980400
4629806382369996800
551915929600
3132
12348
30744
26491627765760
1616920640
51741460480
264707424387072
103482394624
52982986047488
3233824832
3311436627968
434036621701021696
440789813528887296
13889171894432694272
1081708335499051008
2163416670998102016
504889344
33687046
6944585947216347136
8830856986624
67372550
17661309747200
2014838784
8653666683992408064
144684760868847616
289362898898124800
52546240512
207165063168
33011118637056
52983255531520
30816
986112
105965972094976
17247767552
538992736
34494745600
1077960800
3935232
404228104
9259612764739993600
61488
1967616
6264
24696
26273120256
103582531584
1009778688
3233841280
103482920960
206964789248
17661713973248
35322619494400
4029677568
6622873255936
1157478086950780928
3472292973608173568
13258564042752
72342380434423808
144681449449062400
16505559318528
2260699388575744
4521295295283200
515798728704
13563713416069120
3472310634513694720
27127426832138240
106068512342016
212137024684032
53034256171008
67765100643090432
517006688256
1763159254115549184
13774681672777728
105966511063040
211931944189952
15372
4225423185543168
847727776759808
17307333367984816128
1695455553519616
61632
1972224
132353712193536
34495535104
1077985472
68989491200
1103857123328
2207663718400
2155921600
251854848
7870464
282587423571968
565161911910400
64474841088
3390911107039232
2019557376
35323427946496
70645238988800
12528
400896
1580544
49392
565174847143936
1130323823820800
128949682176
200448
206965841920
790272
7888896
53807350284288
50528513
252444672
205258752
809238528
12935299328
13245746511872
821035008
3852
3526318508231098368
3394192394944512
783
1618477056
868913253105795072
6788384789889024
1737826506211590144
13576769579778048
3475653012423180288
27153539159556096
413929578496
134745100
4311941888
8623686400
983808
6781822214078464
27127288856313856
137982140416
211933022126080
275957964800
26903675142144
16843523
33686275
54254577712627712
4415428493312
8830654873600
134748184
269490200
1007419392
9042797554302976
2314903191184998400
18085181181132800
8450846371086336
54307078319112192
13902612049692721152
1084241610289446912
8470637580386304
2168483220578893824
16941275160772608
4336966441157787648
33882550321545216
13889242538054778880
1721835209097216
33803385484345344
54254853664276480
264088949096448
868073243402043392
7686
6174
64625836032
1130349694287872
2260647647641600
257899364352
1736146486804086784
1034013376512
18085595108605952
36170362362265600
16544214024192
289369521737695232
578725797796249600
66022237274112
4326833341996204032
3207168
12644352
3944448
68991070208
137978982400
102629376
404619264
2207714246656
4415327436800
3843
503709696
51791265792
217018310850510848
66176856096768
15740928
258503344128
210184962048
828660252672
4039114752
13563644428156928
4521398777151488
33088428048384
1616912416
578739043475390464
70646855892992
1157451595592499200
51741197312
141290477977600
132044474548224
67606770968690688
1603584
6322176
51314688
202309632
3443670418194432
4235318790193152
2314956173901561856
16901692742172672
801792
3161088
3236954112
30132143104
7713828634624
1974740130463744
505533473398718464
117703684
60264286208
15427657269248
3949480260927488
235407368
1011066946797436928
30855314538496
7898960521854976
2022133893594873856
61710629076992
34501820416
289422246756220928
470814736
8088535574379495424
33686030
1970192
4629771266717384704
9259542533434769408
482114289664
8664996051805011968
2017476608
17661181296640
9259664716664406016
235012610
67372060
269488156
131614
1157688987024883712
282578900746240
33054336745472
66108673490944
144680397182074880
2260631205969920
2261111302782976
1157443177456599040
63191684174839808
1130555651391488
941629472
964228579328
16177071148758990848
4034953216
17329992103610023936
64559251456
61607145635840
515530817536
9042641324867584
470025220
3933188
134744120
538976312
4629832358332203008
263228
2105404
1031061635072
129118502912
1883258944
252184576
7880768
240652912640
67372039
123214291271680
7700893204480
64441352192
2013792256
1009371474097602560
8446456914509824
8074971792780820480
8649171880458059776
4416233013248
1130315602984960
4521261002653696
258237005824
35322817675264
246428582543360
1966594
985096
940050440
7866376
269488240
8623623680
34494483968
1077952624
526456
4210808
578721408339673088
551919026176
2208116506624
17661408837632
3766517888
120528572416
504369152
15761536
481305825280
4027584512
15401786408960
134744078
128882704384
526351
72340198591037440
289360704169836544
8830590648320
35322351583232
282638912847872
2260660331216896
565277825695744
144711123378110464
132217346981888
2314886354913198080
2314885633358692352
1083124506475626496
2166249012951252992
4332498025902505984
264434693963776
33847640827363328
123421258153984
516474011648
9042522005307392
1971428660346880
16496986161152
16149943585561640960
17298343760916119552
4521320662433792
3942857320693760
32993972322304
8832466026496
70645635350528
1880100880
15732752
60163228160
503448064
7885714641387520
65987944644608
538976480
17247247360
68988967936
2155905248
1052912
33693184
269491712
8421616
70644703166464
4311811840
241057144832
17247241984
137977978880
551911743488
16846592
4415295324160
16843015
17661175791616
1008738304
17250910208
137979756544
1130315250663424
67695281654726656
4230955103420416
65807
8461910206840832
72355561689055232
4044267787189747712
4522222605565952
289360794364149760
578721588728299520
578844493512441856
1052702
275959513088
16527168372736
15797921043709952
15771429282775040
246842516307968
1032948023296
63085717131100160
18085282649735168
131975889289216
30803572817920
257765408768
36170565299470336
31595842087419904
578729044791525376
1157458089583050752
2314916179166101504
4037485896390410240
983297
1081146485057257472
2162292970114514944
4324585940229029888
2018742948195205120
16892913829019648
33785827658039296
30081614080
251724032
134745856
565157801492480
36170088021229568
9042524823879680
2260630501326848
269545472
68988989440
275955871744
2155933696
67571655316078592
2207647662080
8625455104
8830587895808
68989878272
117506305
962611650560
1104058253312
8830704418816
504685737048801280
4223228457254912
4521262411939840
18085044010614784
17664932052992
141291270701056
31542858565550080
263951778578432
3940384
3760201760
120326456320
1006896128
1157442816679346176
134772736
34494494720
137977935872
16923820413681664
1077966848
4312727552
1103823831040
4415293947904
34494939136
35322362593280
141289406332928
67386368
538983424
69003640832
12936216576
847787889524736
3311671443456
217033699718332416
101064192
25872433152
6623342886912
1695575779049472
434067399436664832
51744866304
13246685773824
3391151558098944
868134798873329664
103489732608
235800584
15824309322776576
471601168
8102046373261606912
3935244
8653693072271474688
8674038435431841792
144693591321608192
482919596032
33689102
7870488
1972248
9259648086551035904
235799042
67378204
26493371547648
394782
4326846536135737344
67606977127120896
1157548730572865536
33088830701568
8450872140890112
4051023186630803456
132044877201408
7912154661388288
2025511593315401728
3956077330694144
30182474752
965839192064
16204092746523213824
17307386144542949376
17348076870863683584
15453427073024
15740976
503711232
3944496
13563833138282496
61813304066048
117900292
4039163904
471598084
134756408
538982456
4629824043275517952
789564
3158076
30906854146048
1886404672
60364949504
241458219008
123626608132096
7726663008256
70645508472832
1012749173818130432
1967622
515800301568
129253244928
6944682566800637952
8101993390545043456
1130418682200064
4521312542261248
52983723196416
61813708292096
7888992
1007422464
252447744
247253216264192
943196168
269512816
8624410112
34494877184
1077964912
1579128
6316152
578728005409439744
26491861598208
1031600603136
3772809344
120729899008
258506489856
482916438016
15453326016512
72346795660804096
4225436070445056
8831395954688
289364002704719872
35322754236416
3390958284570624
827870674944
1012755796657700864
506377898328850432
132355322806272
1084254804428980224
2168509608857960448
4337019217715920896
67765925276811264
2315097461145731072
63297237291106304
264710645612544
123627416584192
2260837364400128
9042625084522496
789519
1978025730113536
16203986781090086912
134745614
6781916569141248
3956051460227072
15777984
2014844928
504895488
33882962638405632
1130328135565312
64475037696
105967446392832
16505609650176
1886392336
986124
60364554752
1978038665347072
7912102920454144
517012979712
539025632
17248820224
68989754368
2155929824
3158256
404233728
12632304
33011219300352
17662791909376
251855616
241459798016
4312205056
983811
137990561792
2019581952
7726713536512
257900150784
64626622464
4415697977344
16844551
67372807
282604670550016
16901744281780224
4235370329800704
197391
16941481319202816
6782303116197888
1736269597746659328
13564606232395776
3472539195493318656
33803488563560448
1081711634033934336
413935337472
15824205840908288
63296823363633152
247254833168384
27127666276564992
30906652033024
54255332553129984
31648618645553152
117899521
17247438592
551918034944
2163423268067868672
2314912021637758976
868085320850079744
1736170641700159488
3472341283400318976
13889365133601275904
4050996695272521728
2025498347636260864
17661377118208
1579038
66022438600704
16544415350784
269491228
30182277376
50532096
202116864
565209341100032
9043349457600512
2260656271130624
36170500338089984
808513536
4029689856
1009790976
68995280896
275959017472
128950075392
2207848988672
8830688559104
103483834368
3233869824
965832876032
13245930799104
506374586909065216
206967668736
4521674728800256
264089754402816
66177661403136
52986743095296
1034025959424
18085250169044992
943202336
8470740659601408
211934892785664
31648411681816576
3772784672
120729109504
289387182643216384
578774365286432768
1157456010818879488
404256768
34497640448
137979508736
1616934912
1103924494336
4415344279552
51741917184
35325583818752
141291016945664
202128384
808467456
206979465216
282578833833984
72340181461499904
2207647139328
565157667667968
144680362922999808
4415294278656
8623621638
1130315335335936
289360725845999616
2260630670671872
578721451691999232
4521261341343744
17247243276
1157442903383998464
4629771613535993856
34494483468
4629771199608520704
3311453471232
103482920976
6944621270101131264
6952431924753203200
9259542399217041408
105966511079424
8962163258467287040
34494486552
68988966936
63512
12935365122
828794470400
133546639360
107239964672
868077658762641408
1736155317525282816
2314885806767996928
144680349987766272
289360699975532544
578721399951065088
1157442799902130176
2314885599804260352
6622906942464
211933022158848
17924326516934574080
17877038720847183872
3390928354541568
68988973104
4415293883904
137977933872
15920
4064768
25870730244
70644708458496
141289404284928
16302080
51741197316
12350
6781856709083136
413931683904
13245813884928
1598
26491493025792
13563644429205504
827859157056
847727776825344
3472292973876609024
4469259680211795968
17247241734
4521260937117696
521666560
8938519360423591936
4162322432
6944585947753218048
68195490725888
3237478400
414397235200
53619982336
15878
13563713418166272
137977946208
8830587767808
275955867744
31840
8129536
27127288858411008
51741460488
103482394632
13889171895506436096
207198617600
24700
26809991168
9042521874235392
827863367808
26491627769856
1043333120
3196
52982986051584
847732088635392
1695455553650688
103599308800
26521423052800
13404995584
3431678869504
34097745362944
1065554542592
106085692211200
53042846105600
534186557440
13578968603033600
3476215962376601600
27157937206067200
54315874412134400
13904863849506406400
8752112557096960
2240540814616821760
27127426836332544
204544
54254577716822016
217018310867288064
31756
217019414690660352
434036621734576128
275955892416
8830588557312
17661175535616
551911735488
2037760
136751758704640
565157617139712
63680
520290304
16259072
133194317824
206964789264
6622873256448
434038829381320704
868073243469152256
9042522682687488
18085043748470784
2086666240
211931944206336
49400
6392
266388635648
1103823569664
52983255539712
2207646941952
4311810819
35322354229248
70644702142464
1618739200
8623620867
1695464177270784
2260630468558848
8151040
209453056
7939
17504225114193920
4481081629233643520
35008450228387840
70016900456775680
273503517409280
13889242540202262528
3472310635050565632
6789484301516800
1738107981188300800
34187939676160
12935299329
7960
2032384
1736146486938304512
54254853672665088
799
212171384422400
27453430956032
3390911107301376
25870598658
13726715478016
2081161216
6863357739008
17458045625827328
878509790593024
224898506391814144
1757019581186048
449797012783628288
3514039162372096
899594025567256576
7028078324744192
1799188051134513152
8729022812913664
2234629840105897984
69832182503309312
6175
532777271296
6781822214602752
1068373114880
3311436628224
136390981451776
17661177114624
35322351071232
4075520
1130315234279424
809369600
104726528
1040580608
105965972103168
267093278720
18085045365374976
36170087496941568
4173332480
206965841952
272781962903552
413929578528
13245746512896
12646400
1636352
404684800
52363264
34916091251654656
68375879352320
418906112
6323200
818176
3161600
409088
1580800
101123840
25887703040
1696576506429440
6627251978240
434323585645936640
202247680
51775406080
395015
13254503956480
3393153012858880
868647171291873280
103550812160
26509007912960
6786306025717760
790030
207101624320
6949177370334986240
396814
6980825713028890624
27268850441519104
506376781637353472
3956068606541824
1012753563274706944
31648548852334592
3684376
117900032
1842200
1580060
26629736759296
793628
3328717094912
1704303152594944
436301607064305664
3408606305189888
872603214128611328
13634425220759552
852151576297472
218150803532152832
1737294342583746560
53018015825920
123627143954432
16204057012395311104
61813974630400
16204162565511577600
7368752
235800064
117900800
3684400
3772825600
120729632768
3160120
50792192
1587256
60365209600
247254287908864
3235962880
1625350144
123627949260800
2025507126549413888
4051014253098827776
506380080172236800
53259473518592
1012760160344473600
2025520320688947200
414203248640
460547
4051040641377894400
63297510021529600
241459265536
120730419200
8102028506197655552
8102081282755788800
52011204608
3772801024
460550
1978047188172800
198407
13314868379648
30906785988608
15453493657600
14737504
471600128
235801600
7368800
247255898521600
6320240
101584384
3174512
7912137213083648
7726746828800
3956094376345600
1886412800
6657434189824
106518947037184
482918531072
241460838400
1617981440
812675072
1886400512
943206400
26005602304
60364816384
30182604800
1978034303270912
15824377505382400
104022409216
921094
1842188
61813571977216
30906987315200
13572612051435520
3474588685167493120
106036031651840
27145224102871040
212072063303680
54290448205742080
13898354740669972480
6817212610379776
1745206428257222656
3490412856514445312
15824274426167296
7912188752691200
965843353600
921100
14737600
808990720
406337536
943200256
63297097704669184
471603200
13002801152
30182408192
31648755010764800
7726696497152
828406497280
12640480
404495360
203168768
6349024
416089636864
965837062144
482921676800
15453392994304
208044818432
67372800
17247436800
1130328018124800
4415343820800
289363972639948800
134745600
34494873600
263175
8830687641600
2260656036249600
578727945279897600
68989747200
17661375283200
4521312072499200
526350
137979494400
4629823562239180800
131598
1103924035584
2315096499073056768
1974740063354880
9259647124478361600
505533456218849280
1839120
30855313489920
61710626979840
1883258880
918018
1052700
8831392284672
263196
565209106219008
144693531192066048
1130418212438016
289387062384132096
4521672849752064
282604553109504
72346765596033024
1157455890559795200
35322750566400
9042624144998400
117703680
30132142080
3766517760
65799
123421253959680
120326455296
60264284160
275958988800
240652910592
459009
459780
1836036
2105400
16844544
526392
481305821184
2155929600
539025408
120528568320
235407360
1011066912437698560
2022133824875397120
4044267649750794240
7356480
31595841013678080
63191682027356160
30081613824
504685732753833984
3942857287139328
1009371465507667968
940050432
246842507919360
4037485862030671872
8088535299501588480
7885714574278656
8074971724061343744
17248813056
4415696142336
241057136640
962611642368
246428580446208
3949480126709760
15771429148557312
919560
3672072
117506304
4210800
33689088
1052784
2207848071168
35325569138688
14712960
1077964800
269512704
470814720
7898960253419520
1880100864
8624406528
941629440
60163227648
31542858297114624
3760201728
1971428643569664
34497626112
15427656744960
61607145111552
2314911781119590400
70645501132800
18085248289996800
141291002265600
36170496579993600
2260836424876032
578774124768264192
1157548249536528384
17662784569344
9043345699504128
3678240
482114273280
964228546560
470025216
123214290223104
14688288
7700893138944
16177070599003176960
16149943448122687488
15401786277888
538982400
134756352
15797920506839040
63085716594229248
4312203264
2018742931015335936
7344144
235012608
7713828372480
30803572555776
551917977600
8421600
269491200
67378176
2105568
137990504448
68995252224
1103924298752
282604620480512
72346782843011072
2207848597504
4312204292
565209240961024
144693565686022144
4415697195008
8624408584
1130418481922048
289387131372044288
2260836963844096
578774262744088576
1157548525488177152
8831394390016
17247437057
17248817168
4415343886592
8830687773184
275958992912
4629823631227092992
141291004370944
17662788780032
9259647262454185984
8074984918200877056
7899372570279936
34494874114
246428983099392
7344156
459804
7885727459180544
2018746229550219264
15771454918361088
1157455907806773248
2314911815613546496
34497634336
9043347855376384
2315097050976354304
289363976951693312
578727953903386624
35325577560064
17661375546368
4521312139870208
16149969836401754112
9042624279740416
68989748228
14688312
470025984
919608
941678592
18085248559480832
68995268672
35322751092736
30803622887424
2022239377991663616
1836039
4044478755983327232
1130328034967552
481306607616
30133714944
123214491549696
7714231025664
36170497118961664
137979496456
1839216
940051968
61607245774848
61713848205312
137990537344
70645502185472
470839296
2260656069935104
3672078
240653303808
962613215232
60267429888
31542909836722176
63085819673444352
4037492459100438528
4521673927688192
1974843142569984
505559844497915904
551917985824
3949686285139968
1011119688995831808
30856924102656
15428462051328
3760207872
235419648
15798745140559872
120326651904
241069719552
3678432
1880103936
117709824
120534859776
986880
252641280
16557098926080
64676167680
4238617325076480
1085086035219578880
1973760
505282560
129352335360
33114197852160
8477234650152960
2170172070439157760
1010565120
258704670720
66228395704320
3855
2021130240
8680688281756631040
202116108
868082073854803968
1736164147709607936
206966894592
52983525015552
6944656590838431744
404232216
12935430912
6781891201990656
217020518463700992
434041036927401984
7710
4340344140878315520
16954469300305920
517409341440
132456791408640
33908938600611840
1034818682880
264913582817280
67817877201223680
17361376563513262080
50529027
13563782403981312
211934100062208
6622940626944
808464432
25870861824
827867578368
13245881253888
15420
27127564807962624
3233857728
7895040
15790080
103483447296
3472328295419215872
13889313181676863488
3311470313472
847736400248832
101058054
26491762507776
413933789184
3390945600995328
105967050031104
1616928864
3947520
51741723648
54255129615925248
61680
30840
1695472800497664
4042260480
